n = 50
q = 5
simulation time: 60
arrival time: [2, 40]
process time: [1, 7]
0
Waiting list: (13, 2, 4), (7, 5, 5), (5, 6, 1), (22, 9, 3), (35, 9, 3), (10, 11, 6), (11, 11, 1), (42, 11, 5), (1, 12, 7), (12, 12, 7), (26, 13, 5), (14, 14, 5), (3, 15, 1), (28, 17, 2), (21, 18, 5), (49, 18, 3), (19, 19, 2), (24, 19, 2), (31, 19, 5), (33, 21, 2), (15, 22, 6), (16, 22, 5), (30, 24, 3), (36, 24, 1), (37, 24, 3), (40, 24, 2), (43, 25, 5), (17, 26, 5), (23, 26, 5), (18, 27, 2), (41, 27, 1), (48, 28, 2), (4, 29, 1), (45, 29, 4), (8, 30, 7), (39, 30, 3), (9, 31, 1), (27, 34, 4), (38, 34, 2), (50, 34, 6), (2, 36, 5), (6, 36, 3), (32, 36, 5), (25, 37, 2), (29, 37, 7), (44, 37, 6), (46, 37, 5), (20, 39, 3), (34, 39, 7), (47, 39, 5), 
Q1: []
Q2: []
Q3: []
Q4: []
Q5: []
1
Waiting list: (13, 2, 4), (7, 5, 5), (5, 6, 1), (22, 9, 3), (35, 9, 3), (10, 11, 6), (11, 11, 1), (42, 11, 5), (1, 12, 7), (12, 12, 7), (26, 13, 5), (14, 14, 5), (3, 15, 1), (28, 17, 2), (21, 18, 5), (49, 18, 3), (19, 19, 2), (24, 19, 2), (31, 19, 5), (33, 21, 2), (15, 22, 6), (16, 22, 5), (30, 24, 3), (36, 24, 1), (37, 24, 3), (40, 24, 2), (43, 25, 5), (17, 26, 5), (23, 26, 5), (18, 27, 2), (41, 27, 1), (48, 28, 2), (4, 29, 1), (45, 29, 4), (8, 30, 7), (39, 30, 3), (9, 31, 1), (27, 34, 4), (38, 34, 2), (50, 34, 6), (2, 36, 5), (6, 36, 3), (32, 36, 5), (25, 37, 2), (29, 37, 7), (44, 37, 6), (46, 37, 5), (20, 39, 3), (34, 39, 7), (47, 39, 5), 
Q1: []
Q2: []
Q3: []
Q4: []
Q5: []
2
Waiting list: (7, 5, 5), (5, 6, 1), (22, 9, 3), (35, 9, 3), (10, 11, 6), (11, 11, 1), (42, 11, 5), (1, 12, 7), (12, 12, 7), (26, 13, 5), (14, 14, 5), (3, 15, 1), (28, 17, 2), (21, 18, 5), (49, 18, 3), (19, 19, 2), (24, 19, 2), (31, 19, 5), (33, 21, 2), (15, 22, 6), (16, 22, 5), (30, 24, 3), (36, 24, 1), (37, 24, 3), (40, 24, 2), (43, 25, 5), (17, 26, 5), (23, 26, 5), (18, 27, 2), (41, 27, 1), (48, 28, 2), (4, 29, 1), (45, 29, 4), (8, 30, 7), (39, 30, 3), (9, 31, 1), (27, 34, 4), (38, 34, 2), (50, 34, 6), (2, 36, 5), (6, 36, 3), (32, 36, 5), (25, 37, 2), (29, 37, 7), (44, 37, 6), (46, 37, 5), (20, 39, 3), (34, 39, 7), (47, 39, 5), 
Q1: [(13, 2, 3)]
Q2: []
Q3: []
Q4: []
Q5: []
3
Waiting list: (7, 5, 5), (5, 6, 1), (22, 9, 3), (35, 9, 3), (10, 11, 6), (11, 11, 1), (42, 11, 5), (1, 12, 7), (12, 12, 7), (26, 13, 5), (14, 14, 5), (3, 15, 1), (28, 17, 2), (21, 18, 5), (49, 18, 3), (19, 19, 2), (24, 19, 2), (31, 19, 5), (33, 21, 2), (15, 22, 6), (16, 22, 5), (30, 24, 3), (36, 24, 1), (37, 24, 3), (40, 24, 2), (43, 25, 5), (17, 26, 5), (23, 26, 5), (18, 27, 2), (41, 27, 1), (48, 28, 2), (4, 29, 1), (45, 29, 4), (8, 30, 7), (39, 30, 3), (9, 31, 1), (27, 34, 4), (38, 34, 2), (50, 34, 6), (2, 36, 5), (6, 36, 3), (32, 36, 5), (25, 37, 2), (29, 37, 7), (44, 37, 6), (46, 37, 5), (20, 39, 3), (34, 39, 7), (47, 39, 5), 
Q1: [(13, 2, 2)]
Q2: []
Q3: []
Q4: []
Q5: []
4
Waiting list: (7, 5, 5), (5, 6, 1), (22, 9, 3), (35, 9, 3), (10, 11, 6), (11, 11, 1), (42, 11, 5), (1, 12, 7), (12, 12, 7), (26, 13, 5), (14, 14, 5), (3, 15, 1), (28, 17, 2), (21, 18, 5), (49, 18, 3), (19, 19, 2), (24, 19, 2), (31, 19, 5), (33, 21, 2), (15, 22, 6), (16, 22, 5), (30, 24, 3), (36, 24, 1), (37, 24, 3), (40, 24, 2), (43, 25, 5), (17, 26, 5), (23, 26, 5), (18, 27, 2), (41, 27, 1), (48, 28, 2), (4, 29, 1), (45, 29, 4), (8, 30, 7), (39, 30, 3), (9, 31, 1), (27, 34, 4), (38, 34, 2), (50, 34, 6), (2, 36, 5), (6, 36, 3), (32, 36, 5), (25, 37, 2), (29, 37, 7), (44, 37, 6), (46, 37, 5), (20, 39, 3), (34, 39, 7), (47, 39, 5), 
Q1: [(13, 2, 1)]
Q2: []
Q3: []
Q4: []
Q5: []
5
Waiting list: (5, 6, 1), (22, 9, 3), (35, 9, 3), (10, 11, 6), (11, 11, 1), (42, 11, 5), (1, 12, 7), (12, 12, 7), (26, 13, 5), (14, 14, 5), (3, 15, 1), (28, 17, 2), (21, 18, 5), (49, 18, 3), (19, 19, 2), (24, 19, 2), (31, 19, 5), (33, 21, 2), (15, 22, 6), (16, 22, 5), (30, 24, 3), (36, 24, 1), (37, 24, 3), (40, 24, 2), (43, 25, 5), (17, 26, 5), (23, 26, 5), (18, 27, 2), (41, 27, 1), (48, 28, 2), (4, 29, 1), (45, 29, 4), (8, 30, 7), (39, 30, 3), (9, 31, 1), (27, 34, 4), (38, 34, 2), (50, 34, 6), (2, 36, 5), (6, 36, 3), (32, 36, 5), (25, 37, 2), (29, 37, 7), (44, 37, 6), (46, 37, 5), (20, 39, 3), (34, 39, 7), (47, 39, 5), 
Q1: []
Q2: [(7, 5, 4)]
Q3: []
Q4: []
Q5: []
6
Waiting list: (22, 9, 3), (35, 9, 3), (10, 11, 6), (11, 11, 1), (42, 11, 5), (1, 12, 7), (12, 12, 7), (26, 13, 5), (14, 14, 5), (3, 15, 1), (28, 17, 2), (21, 18, 5), (49, 18, 3), (19, 19, 2), (24, 19, 2), (31, 19, 5), (33, 21, 2), (15, 22, 6), (16, 22, 5), (30, 24, 3), (36, 24, 1), (37, 24, 3), (40, 24, 2), (43, 25, 5), (17, 26, 5), (23, 26, 5), (18, 27, 2), (41, 27, 1), (48, 28, 2), (4, 29, 1), (45, 29, 4), (8, 30, 7), (39, 30, 3), (9, 31, 1), (27, 34, 4), (38, 34, 2), (50, 34, 6), (2, 36, 5), (6, 36, 3), (32, 36, 5), (25, 37, 2), (29, 37, 7), (44, 37, 6), (46, 37, 5), (20, 39, 3), (34, 39, 7), (47, 39, 5), 
Q1: []
Q2: [(7, 5, 3)]
Q3: []
Q4: []
Q5: []
7
Waiting list: (22, 9, 3), (35, 9, 3), (10, 11, 6), (11, 11, 1), (42, 11, 5), (1, 12, 7), (12, 12, 7), (26, 13, 5), (14, 14, 5), (3, 15, 1), (28, 17, 2), (21, 18, 5), (49, 18, 3), (19, 19, 2), (24, 19, 2), (31, 19, 5), (33, 21, 2), (15, 22, 6), (16, 22, 5), (30, 24, 3), (36, 24, 1), (37, 24, 3), (40, 24, 2), (43, 25, 5), (17, 26, 5), (23, 26, 5), (18, 27, 2), (41, 27, 1), (48, 28, 2), (4, 29, 1), (45, 29, 4), (8, 30, 7), (39, 30, 3), (9, 31, 1), (27, 34, 4), (38, 34, 2), (50, 34, 6), (2, 36, 5), (6, 36, 3), (32, 36, 5), (25, 37, 2), (29, 37, 7), (44, 37, 6), (46, 37, 5), (20, 39, 3), (34, 39, 7), (47, 39, 5), 
Q1: []
Q2: [(7, 5, 2)]
Q3: []
Q4: []
Q5: []
8
Waiting list: (22, 9, 3), (35, 9, 3), (10, 11, 6), (11, 11, 1), (42, 11, 5), (1, 12, 7), (12, 12, 7), (26, 13, 5), (14, 14, 5), (3, 15, 1), (28, 17, 2), (21, 18, 5), (49, 18, 3), (19, 19, 2), (24, 19, 2), (31, 19, 5), (33, 21, 2), (15, 22, 6), (16, 22, 5), (30, 24, 3), (36, 24, 1), (37, 24, 3), (40, 24, 2), (43, 25, 5), (17, 26, 5), (23, 26, 5), (18, 27, 2), (41, 27, 1), (48, 28, 2), (4, 29, 1), (45, 29, 4), (8, 30, 7), (39, 30, 3), (9, 31, 1), (27, 34, 4), (38, 34, 2), (50, 34, 6), (2, 36, 5), (6, 36, 3), (32, 36, 5), (25, 37, 2), (29, 37, 7), (44, 37, 6), (46, 37, 5), (20, 39, 3), (34, 39, 7), (47, 39, 5), 
Q1: []
Q2: [(7, 5, 1)]
Q3: []
Q4: []
Q5: []
9
Waiting list: (10, 11, 6), (11, 11, 1), (42, 11, 5), (1, 12, 7), (12, 12, 7), (26, 13, 5), (14, 14, 5), (3, 15, 1), (28, 17, 2), (21, 18, 5), (49, 18, 3), (19, 19, 2), (24, 19, 2), (31, 19, 5), (33, 21, 2), (15, 22, 6), (16, 22, 5), (30, 24, 3), (36, 24, 1), (37, 24, 3), (40, 24, 2), (43, 25, 5), (17, 26, 5), (23, 26, 5), (18, 27, 2), (41, 27, 1), (48, 28, 2), (4, 29, 1), (45, 29, 4), (8, 30, 7), (39, 30, 3), (9, 31, 1), (27, 34, 4), (38, 34, 2), (50, 34, 6), (2, 36, 5), (6, 36, 3), (32, 36, 5), (25, 37, 2), (29, 37, 7), (44, 37, 6), (46, 37, 5), (20, 39, 3), (34, 39, 7), (47, 39, 5), 
Q1: [(22, 9, 2)]
Q2: []
Q3: [(35, 9, 2)]
Q4: []
Q5: []
10
Waiting list: (10, 11, 6), (11, 11, 1), (42, 11, 5), (1, 12, 7), (12, 12, 7), (26, 13, 5), (14, 14, 5), (3, 15, 1), (28, 17, 2), (21, 18, 5), (49, 18, 3), (19, 19, 2), (24, 19, 2), (31, 19, 5), (33, 21, 2), (15, 22, 6), (16, 22, 5), (30, 24, 3), (36, 24, 1), (37, 24, 3), (40, 24, 2), (43, 25, 5), (17, 26, 5), (23, 26, 5), (18, 27, 2), (41, 27, 1), (48, 28, 2), (4, 29, 1), (45, 29, 4), (8, 30, 7), (39, 30, 3), (9, 31, 1), (27, 34, 4), (38, 34, 2), (50, 34, 6), (2, 36, 5), (6, 36, 3), (32, 36, 5), (25, 37, 2), (29, 37, 7), (44, 37, 6), (46, 37, 5), (20, 39, 3), (34, 39, 7), (47, 39, 5), 
Q1: [(22, 9, 1)]
Q2: []
Q3: [(35, 9, 1)]
Q4: []
Q5: []
11
Waiting list: (1, 12, 7), (12, 12, 7), (26, 13, 5), (14, 14, 5), (3, 15, 1), (28, 17, 2), (21, 18, 5), (49, 18, 3), (19, 19, 2), (24, 19, 2), (31, 19, 5), (33, 21, 2), (15, 22, 6), (16, 22, 5), (30, 24, 3), (36, 24, 1), (37, 24, 3), (40, 24, 2), (43, 25, 5), (17, 26, 5), (23, 26, 5), (18, 27, 2), (41, 27, 1), (48, 28, 2), (4, 29, 1), (45, 29, 4), (8, 30, 7), (39, 30, 3), (9, 31, 1), (27, 34, 4), (38, 34, 2), (50, 34, 6), (2, 36, 5), (6, 36, 3), (32, 36, 5), (25, 37, 2), (29, 37, 7), (44, 37, 6), (46, 37, 5), (20, 39, 3), (34, 39, 7), (47, 39, 5), 
Q1: []
Q2: [(10, 11, 5)]
Q3: []
Q4: []
Q5: [(42, 11, 4)]
12
Waiting list: (26, 13, 5), (14, 14, 5), (3, 15, 1), (28, 17, 2), (21, 18, 5), (49, 18, 3), (19, 19, 2), (24, 19, 2), (31, 19, 5), (33, 21, 2), (15, 22, 6), (16, 22, 5), (30, 24, 3), (36, 24, 1), (37, 24, 3), (40, 24, 2), (43, 25, 5), (17, 26, 5), (23, 26, 5), (18, 27, 2), (41, 27, 1), (48, 28, 2), (4, 29, 1), (45, 29, 4), (8, 30, 7), (39, 30, 3), (9, 31, 1), (27, 34, 4), (38, 34, 2), (50, 34, 6), (2, 36, 5), (6, 36, 3), (32, 36, 5), (25, 37, 2), (29, 37, 7), (44, 37, 6), (46, 37, 5), (20, 39, 3), (34, 39, 7), (47, 39, 5), 
Q1: [(1, 12, 6)]
Q2: [(10, 11, 4)]
Q3: [(12, 12, 6)]
Q4: []
Q5: [(42, 11, 3)]
13
Waiting list: (14, 14, 5), (3, 15, 1), (28, 17, 2), (21, 18, 5), (49, 18, 3), (19, 19, 2), (24, 19, 2), (31, 19, 5), (33, 21, 2), (15, 22, 6), (16, 22, 5), (30, 24, 3), (36, 24, 1), (37, 24, 3), (40, 24, 2), (43, 25, 5), (17, 26, 5), (23, 26, 5), (18, 27, 2), (41, 27, 1), (48, 28, 2), (4, 29, 1), (45, 29, 4), (8, 30, 7), (39, 30, 3), (9, 31, 1), (27, 34, 4), (38, 34, 2), (50, 34, 6), (2, 36, 5), (6, 36, 3), (32, 36, 5), (25, 37, 2), (29, 37, 7), (44, 37, 6), (46, 37, 5), (20, 39, 3), (34, 39, 7), (47, 39, 5), 
Q1: [(1, 12, 5)]
Q2: [(10, 11, 3)]
Q3: [(12, 12, 5)]
Q4: [(26, 13, 4)]
Q5: [(42, 11, 2)]
14
Waiting list: (3, 15, 1), (28, 17, 2), (21, 18, 5), (49, 18, 3), (19, 19, 2), (24, 19, 2), (31, 19, 5), (33, 21, 2), (15, 22, 6), (16, 22, 5), (30, 24, 3), (36, 24, 1), (37, 24, 3), (40, 24, 2), (43, 25, 5), (17, 26, 5), (23, 26, 5), (18, 27, 2), (41, 27, 1), (48, 28, 2), (4, 29, 1), (45, 29, 4), (8, 30, 7), (39, 30, 3), (9, 31, 1), (27, 34, 4), (38, 34, 2), (50, 34, 6), (2, 36, 5), (6, 36, 3), (32, 36, 5), (25, 37, 2), (29, 37, 7), (44, 37, 6), (46, 37, 5), (20, 39, 3), (34, 39, 7), (47, 39, 5), 
Q1: [(1, 12, 4), (14, 14, 5)]
Q2: [(10, 11, 2)]
Q3: [(12, 12, 4)]
Q4: [(26, 13, 3)]
Q5: [(42, 11, 1)]
15
Waiting list: (28, 17, 2), (21, 18, 5), (49, 18, 3), (19, 19, 2), (24, 19, 2), (31, 19, 5), (33, 21, 2), (15, 22, 6), (16, 22, 5), (30, 24, 3), (36, 24, 1), (37, 24, 3), (40, 24, 2), (43, 25, 5), (17, 26, 5), (23, 26, 5), (18, 27, 2), (41, 27, 1), (48, 28, 2), (4, 29, 1), (45, 29, 4), (8, 30, 7), (39, 30, 3), (9, 31, 1), (27, 34, 4), (38, 34, 2), (50, 34, 6), (2, 36, 5), (6, 36, 3), (32, 36, 5), (25, 37, 2), (29, 37, 7), (44, 37, 6), (46, 37, 5), (20, 39, 3), (34, 39, 7), (47, 39, 5), 
Q1: [(1, 12, 3), (14, 14, 5)]
Q2: [(10, 11, 1), (3, 15, 1)]
Q3: [(12, 12, 3)]
Q4: [(26, 13, 2)]
Q5: []
16
Waiting list: (28, 17, 2), (21, 18, 5), (49, 18, 3), (19, 19, 2), (24, 19, 2), (31, 19, 5), (33, 21, 2), (15, 22, 6), (16, 22, 5), (30, 24, 3), (36, 24, 1), (37, 24, 3), (40, 24, 2), (43, 25, 5), (17, 26, 5), (23, 26, 5), (18, 27, 2), (41, 27, 1), (48, 28, 2), (4, 29, 1), (45, 29, 4), (8, 30, 7), (39, 30, 3), (9, 31, 1), (27, 34, 4), (38, 34, 2), (50, 34, 6), (2, 36, 5), (6, 36, 3), (32, 36, 5), (25, 37, 2), (29, 37, 7), (44, 37, 6), (46, 37, 5), (20, 39, 3), (34, 39, 7), (47, 39, 5), 
Q1: [(1, 12, 2), (14, 14, 5)]
Q2: [(3, 15, 1)]
Q3: [(12, 12, 2)]
Q4: [(26, 13, 1)]
Q5: []
17
Waiting list: (21, 18, 5), (49, 18, 3), (19, 19, 2), (24, 19, 2), (31, 19, 5), (33, 21, 2), (15, 22, 6), (16, 22, 5), (30, 24, 3), (36, 24, 1), (37, 24, 3), (40, 24, 2), (43, 25, 5), (17, 26, 5), (23, 26, 5), (18, 27, 2), (41, 27, 1), (48, 28, 2), (4, 29, 1), (45, 29, 4), (8, 30, 7), (39, 30, 3), (9, 31, 1), (27, 34, 4), (38, 34, 2), (50, 34, 6), (2, 36, 5), (6, 36, 3), (32, 36, 5), (25, 37, 2), (29, 37, 7), (44, 37, 6), (46, 37, 5), (20, 39, 3), (34, 39, 7), (47, 39, 5), 
Q1: [(1, 12, 1), (14, 14, 5)]
Q2: []
Q3: [(12, 12, 1)]
Q4: []
Q5: [(28, 17, 1)]
18
Waiting list: (19, 19, 2), (24, 19, 2), (31, 19, 5), (33, 21, 2), (15, 22, 6), (16, 22, 5), (30, 24, 3), (36, 24, 1), (37, 24, 3), (40, 24, 2), (43, 25, 5), (17, 26, 5), (23, 26, 5), (18, 27, 2), (41, 27, 1), (48, 28, 2), (4, 29, 1), (45, 29, 4), (8, 30, 7), (39, 30, 3), (9, 31, 1), (27, 34, 4), (38, 34, 2), (50, 34, 6), (2, 36, 5), (6, 36, 3), (32, 36, 5), (25, 37, 2), (29, 37, 7), (44, 37, 6), (46, 37, 5), (20, 39, 3), (34, 39, 7), (47, 39, 5), 
Q1: [(14, 14, 5)]
Q2: [(21, 18, 4)]
Q3: []
Q4: [(49, 18, 2)]
Q5: []
19
Waiting list: (33, 21, 2), (15, 22, 6), (16, 22, 5), (30, 24, 3), (36, 24, 1), (37, 24, 3), (40, 24, 2), (43, 25, 5), (17, 26, 5), (23, 26, 5), (18, 27, 2), (41, 27, 1), (48, 28, 2), (4, 29, 1), (45, 29, 4), (8, 30, 7), (39, 30, 3), (9, 31, 1), (27, 34, 4), (38, 34, 2), (50, 34, 6), (2, 36, 5), (6, 36, 3), (32, 36, 5), (25, 37, 2), (29, 37, 7), (44, 37, 6), (46, 37, 5), (20, 39, 3), (34, 39, 7), (47, 39, 5), 
Q1: [(14, 14, 4), (31, 19, 5)]
Q2: [(21, 18, 3)]
Q3: [(19, 19, 1)]
Q4: [(49, 18, 1)]
Q5: [(24, 19, 1)]
20
Waiting list: (33, 21, 2), (15, 22, 6), (16, 22, 5), (30, 24, 3), (36, 24, 1), (37, 24, 3), (40, 24, 2), (43, 25, 5), (17, 26, 5), (23, 26, 5), (18, 27, 2), (41, 27, 1), (48, 28, 2), (4, 29, 1), (45, 29, 4), (8, 30, 7), (39, 30, 3), (9, 31, 1), (27, 34, 4), (38, 34, 2), (50, 34, 6), (2, 36, 5), (6, 36, 3), (32, 36, 5), (25, 37, 2), (29, 37, 7), (44, 37, 6), (46, 37, 5), (20, 39, 3), (34, 39, 7), (47, 39, 5), 
Q1: [(14, 14, 3), (31, 19, 5)]
Q2: [(21, 18, 2)]
Q3: []
Q4: []
Q5: []
21
Waiting list: (15, 22, 6), (16, 22, 5), (30, 24, 3), (36, 24, 1), (37, 24, 3), (40, 24, 2), (43, 25, 5), (17, 26, 5), (23, 26, 5), (18, 27, 2), (41, 27, 1), (48, 28, 2), (4, 29, 1), (45, 29, 4), (8, 30, 7), (39, 30, 3), (9, 31, 1), (27, 34, 4), (38, 34, 2), (50, 34, 6), (2, 36, 5), (6, 36, 3), (32, 36, 5), (25, 37, 2), (29, 37, 7), (44, 37, 6), (46, 37, 5), (20, 39, 3), (34, 39, 7), (47, 39, 5), 
Q1: [(14, 14, 2), (31, 19, 5)]
Q2: [(21, 18, 1)]
Q3: [(33, 21, 1)]
Q4: []
Q5: []
22
Waiting list: (30, 24, 3), (36, 24, 1), (37, 24, 3), (40, 24, 2), (43, 25, 5), (17, 26, 5), (23, 26, 5), (18, 27, 2), (41, 27, 1), (48, 28, 2), (4, 29, 1), (45, 29, 4), (8, 30, 7), (39, 30, 3), (9, 31, 1), (27, 34, 4), (38, 34, 2), (50, 34, 6), (2, 36, 5), (6, 36, 3), (32, 36, 5), (25, 37, 2), (29, 37, 7), (44, 37, 6), (46, 37, 5), (20, 39, 3), (34, 39, 7), (47, 39, 5), 
Q1: [(14, 14, 1), (31, 19, 5)]
Q2: []
Q3: []
Q4: [(15, 22, 5)]
Q5: [(16, 22, 4)]
23
Waiting list: (30, 24, 3), (36, 24, 1), (37, 24, 3), (40, 24, 2), (43, 25, 5), (17, 26, 5), (23, 26, 5), (18, 27, 2), (41, 27, 1), (48, 28, 2), (4, 29, 1), (45, 29, 4), (8, 30, 7), (39, 30, 3), (9, 31, 1), (27, 34, 4), (38, 34, 2), (50, 34, 6), (2, 36, 5), (6, 36, 3), (32, 36, 5), (25, 37, 2), (29, 37, 7), (44, 37, 6), (46, 37, 5), (20, 39, 3), (34, 39, 7), (47, 39, 5), 
Q1: [(31, 19, 5)]
Q2: []
Q3: []
Q4: [(15, 22, 4)]
Q5: [(16, 22, 3)]
24
Waiting list: (43, 25, 5), (17, 26, 5), (23, 26, 5), (18, 27, 2), (41, 27, 1), (48, 28, 2), (4, 29, 1), (45, 29, 4), (8, 30, 7), (39, 30, 3), (9, 31, 1), (27, 34, 4), (38, 34, 2), (50, 34, 6), (2, 36, 5), (6, 36, 3), (32, 36, 5), (25, 37, 2), (29, 37, 7), (44, 37, 6), (46, 37, 5), (20, 39, 3), (34, 39, 7), (47, 39, 5), 
Q1: [(31, 19, 4), (37, 24, 3)]
Q2: [(30, 24, 2), (40, 24, 2)]
Q3: []
Q4: [(15, 22, 3)]
Q5: [(16, 22, 2)]
25
Waiting list: (17, 26, 5), (23, 26, 5), (18, 27, 2), (41, 27, 1), (48, 28, 2), (4, 29, 1), (45, 29, 4), (8, 30, 7), (39, 30, 3), (9, 31, 1), (27, 34, 4), (38, 34, 2), (50, 34, 6), (2, 36, 5), (6, 36, 3), (32, 36, 5), (25, 37, 2), (29, 37, 7), (44, 37, 6), (46, 37, 5), (20, 39, 3), (34, 39, 7), (47, 39, 5), 
Q1: [(31, 19, 3), (37, 24, 3)]
Q2: [(30, 24, 1), (40, 24, 2)]
Q3: [(43, 25, 4)]
Q4: [(15, 22, 2)]
Q5: [(16, 22, 1)]
26
Waiting list: (18, 27, 2), (41, 27, 1), (48, 28, 2), (4, 29, 1), (45, 29, 4), (8, 30, 7), (39, 30, 3), (9, 31, 1), (27, 34, 4), (38, 34, 2), (50, 34, 6), (2, 36, 5), (6, 36, 3), (32, 36, 5), (25, 37, 2), (29, 37, 7), (44, 37, 6), (46, 37, 5), (20, 39, 3), (34, 39, 7), (47, 39, 5), 
Q1: [(31, 19, 2), (37, 24, 3)]
Q2: [(40, 24, 2)]
Q3: [(43, 25, 3), (17, 26, 5)]
Q4: [(15, 22, 1), (23, 26, 5)]
Q5: []
27
Waiting list: (48, 28, 2), (4, 29, 1), (45, 29, 4), (8, 30, 7), (39, 30, 3), (9, 31, 1), (27, 34, 4), (38, 34, 2), (50, 34, 6), (2, 36, 5), (6, 36, 3), (32, 36, 5), (25, 37, 2), (29, 37, 7), (44, 37, 6), (46, 37, 5), (20, 39, 3), (34, 39, 7), (47, 39, 5), 
Q1: [(31, 19, 1), (37, 24, 3)]
Q2: [(40, 24, 1), (41, 27, 1)]
Q3: [(43, 25, 2), (17, 26, 5)]
Q4: [(23, 26, 5)]
Q5: [(18, 27, 1)]
28
Waiting list: (4, 29, 1), (45, 29, 4), (8, 30, 7), (39, 30, 3), (9, 31, 1), (27, 34, 4), (38, 34, 2), (50, 34, 6), (2, 36, 5), (6, 36, 3), (32, 36, 5), (25, 37, 2), (29, 37, 7), (44, 37, 6), (46, 37, 5), (20, 39, 3), (34, 39, 7), (47, 39, 5), 
Q1: [(37, 24, 3)]
Q2: [(41, 27, 1)]
Q3: [(43, 25, 1), (17, 26, 5)]
Q4: [(23, 26, 4), (48, 28, 2)]
Q5: []
29
Waiting list: (8, 30, 7), (39, 30, 3), (9, 31, 1), (27, 34, 4), (38, 34, 2), (50, 34, 6), (2, 36, 5), (6, 36, 3), (32, 36, 5), (25, 37, 2), (29, 37, 7), (44, 37, 6), (46, 37, 5), (20, 39, 3), (34, 39, 7), (47, 39, 5), 
Q1: [(37, 24, 2), (45, 29, 4)]
Q2: []
Q3: [(17, 26, 5)]
Q4: [(23, 26, 3), (48, 28, 2)]
Q5: []
30
Waiting list: (9, 31, 1), (27, 34, 4), (38, 34, 2), (50, 34, 6), (2, 36, 5), (6, 36, 3), (32, 36, 5), (25, 37, 2), (29, 37, 7), (44, 37, 6), (46, 37, 5), (20, 39, 3), (34, 39, 7), (47, 39, 5), 
Q1: [(37, 24, 1), (45, 29, 4)]
Q2: [(8, 30, 6)]
Q3: [(17, 26, 4)]
Q4: [(23, 26, 2), (48, 28, 2)]
Q5: [(39, 30, 2)]
31
Waiting list: (27, 34, 4), (38, 34, 2), (50, 34, 6), (2, 36, 5), (6, 36, 3), (32, 36, 5), (25, 37, 2), (29, 37, 7), (44, 37, 6), (46, 37, 5), (20, 39, 3), (34, 39, 7), (47, 39, 5), 
Q1: [(45, 29, 4)]
Q2: [(8, 30, 5), (9, 31, 1)]
Q3: [(17, 26, 3)]
Q4: [(23, 26, 1), (48, 28, 2)]
Q5: [(39, 30, 1)]
32
Waiting list: (27, 34, 4), (38, 34, 2), (50, 34, 6), (2, 36, 5), (6, 36, 3), (32, 36, 5), (25, 37, 2), (29, 37, 7), (44, 37, 6), (46, 37, 5), (20, 39, 3), (34, 39, 7), (47, 39, 5), 
Q1: [(45, 29, 3)]
Q2: [(8, 30, 4), (9, 31, 1)]
Q3: [(17, 26, 2)]
Q4: [(48, 28, 2)]
Q5: []
33
Waiting list: (27, 34, 4), (38, 34, 2), (50, 34, 6), (2, 36, 5), (6, 36, 3), (32, 36, 5), (25, 37, 2), (29, 37, 7), (44, 37, 6), (46, 37, 5), (20, 39, 3), (34, 39, 7), (47, 39, 5), 
Q1: [(45, 29, 2)]
Q2: [(8, 30, 3), (9, 31, 1)]
Q3: [(17, 26, 1)]
Q4: [(48, 28, 1)]
Q5: []
34
Waiting list: (2, 36, 5), (6, 36, 3), (32, 36, 5), (25, 37, 2), (29, 37, 7), (44, 37, 6), (46, 37, 5), (20, 39, 3), (34, 39, 7), (47, 39, 5), 
Q1: [(45, 29, 1), (38, 34, 2)]
Q2: [(8, 30, 2), (9, 31, 1)]
Q3: [(50, 34, 6)]
Q4: []
Q5: [(27, 34, 3)]
35
Waiting list: (2, 36, 5), (6, 36, 3), (32, 36, 5), (25, 37, 2), (29, 37, 7), (44, 37, 6), (46, 37, 5), (20, 39, 3), (34, 39, 7), (47, 39, 5), 
Q1: [(38, 34, 2)]
Q2: [(8, 30, 1), (9, 31, 1)]
Q3: [(50, 34, 5)]
Q4: []
Q5: [(27, 34, 2)]
36
Waiting list: (25, 37, 2), (29, 37, 7), (44, 37, 6), (46, 37, 5), (20, 39, 3), (34, 39, 7), (47, 39, 5), 
Q1: [(38, 34, 1), (6, 36, 3)]
Q2: [(9, 31, 1)]
Q3: [(50, 34, 4), (32, 36, 5)]
Q4: [(2, 36, 4)]
Q5: [(27, 34, 1)]
37
Waiting list: (20, 39, 3), (34, 39, 7), (47, 39, 5), 
Q1: [(6, 36, 3), (46, 37, 5)]
Q2: [(25, 37, 2)]
Q3: [(50, 34, 3), (32, 36, 5)]
Q4: [(2, 36, 3), (29, 37, 7)]
Q5: [(44, 37, 6)]
38
Waiting list: (20, 39, 3), (34, 39, 7), (47, 39, 5), 
Q1: [(6, 36, 2), (46, 37, 5)]
Q2: [(25, 37, 1)]
Q3: [(50, 34, 2), (32, 36, 5)]
Q4: [(2, 36, 2), (29, 37, 7)]
Q5: [(44, 37, 5)]
39
Waiting list: 
Q1: [(6, 36, 1), (46, 37, 5), (47, 39, 5)]
Q2: [(20, 39, 3)]
Q3: [(50, 34, 1), (32, 36, 5)]
Q4: [(2, 36, 1), (29, 37, 7)]
Q5: [(44, 37, 4), (34, 39, 7)]
40
Waiting list: 
Q1: [(46, 37, 5), (47, 39, 5)]
Q2: [(20, 39, 2)]
Q3: [(32, 36, 5)]
Q4: [(29, 37, 7)]
Q5: [(44, 37, 3), (34, 39, 7)]
41
Waiting list: 
Q1: [(46, 37, 4), (47, 39, 5)]
Q2: [(20, 39, 1)]
Q3: [(32, 36, 4)]
Q4: [(29, 37, 6)]
Q5: [(44, 37, 2), (34, 39, 7)]
42
Waiting list: 
Q1: [(46, 37, 3), (47, 39, 5)]
Q2: []
Q3: [(32, 36, 3)]
Q4: [(29, 37, 5)]
Q5: [(44, 37, 1), (34, 39, 7)]
43
Waiting list: 
Q1: [(46, 37, 2), (47, 39, 5)]
Q2: []
Q3: [(32, 36, 2)]
Q4: [(29, 37, 4)]
Q5: [(34, 39, 7)]
44
Waiting list: 
Q1: [(46, 37, 1), (47, 39, 5)]
Q2: []
Q3: [(32, 36, 1)]
Q4: [(29, 37, 3)]
Q5: [(34, 39, 6)]
45
Waiting list: 
Q1: [(47, 39, 5)]
Q2: []
Q3: []
Q4: [(29, 37, 2)]
Q5: [(34, 39, 5)]
46
Waiting list: 
Q1: [(47, 39, 4)]
Q2: []
Q3: []
Q4: [(29, 37, 1)]
Q5: [(34, 39, 4)]
47
Waiting list: 
Q1: [(47, 39, 3)]
Q2: []
Q3: []
Q4: []
Q5: [(34, 39, 3)]
48
Waiting list: 
Q1: [(47, 39, 2)]
Q2: []
Q3: []
Q4: []
Q5: [(34, 39, 2)]
49
Waiting list: 
Q1: [(47, 39, 1)]
Q2: []
Q3: []
Q4: []
Q5: [(34, 39, 1)]
50
Waiting list: 
Q1: []
Q2: []
Q3: []
Q4: []
Q5: []
51
Waiting list: 
Q1: []
Q2: []
Q3: []
Q4: []
Q5: []
peek hour: 39
tasks done: 50
average waiting time: 1.06
average service time = 3.8
